0,0.3,30,0.35
0.01,0.198985,30.0008,0.325113
0.02,0.103952,30.0013,0.310003
0.03,0.0120449,30.0015,0.304218
0.04,-0.0795002,30.0014,0.307582
0.05,-0.173436,30.001,0.320198
0.06,-0.272586,30.0003,0.342444
0.07,-0.379931,29.9991,0.374988
0.08,-0.498695,29.9974,0.418807
0.09,-0.632447,29.9948,0.475216
0.1,-0.785197,29.9912,0.545905
0.11,-0.961524,29.9861,0.63299
0.12,-1.1667,29.9788,0.739074
0.13,-1.40685,29.9685,0.867319
0.14,-1.68911,29.9539,1.02153
0.15,-2.02183,29.9333,1.20627
0.16,-2.41478,29.9042,1.42696
0.17,-2.87937,29.863,1.69
0.18,-3.42891,29.8049,2.00291
0.19,-4.07879,29.7229,2.37445
0.2,-4.84669,29.6074,2.81472
0.21,-5.75254,29.4448,3.33512
0.22,-6.81836,29.2164,3.94831
0.23,-8.06756,28.8964,4.66773
0.24,-9.52354,28.4498,5.50682
0.25,-11.207,27.8297,6.47751
0.26,-13.1317,26.9749,7.58767
0.27,-15.2973,25.8085,8.83713
0.28,-17.6801,24.2384,10.2122
0.29,-20.2208,22.1632,11.6784
0.3,-22.812,19.4858,13.174
0.31,-25.2918,16.1373,14.6054
0.32,-27.4496,12.1082,15.8509
0.33,-29.0541,7.4799,16.7771
0.34,-29.9022,2.43818,17.2667
0.35,-29.8755,-2.74605,17.2513
0.36,-28.9778,-7.77004,16.7331
0.37,-27.334,-12.3667,15.7842
0.38,-25.1505,-16.3565,14.5238
0.39,-22.6586,-19.6639,13.0855
0.4,-20.0664,-22.3029,11.5893
0.41,-17.5327,-24.3452,10.1271
0.42,-15.1616,-25.8884,8.75881
0.43,-13.0099,-27.0338,7.51745
0.44,-11.0999,-27.8725,6.41572
0.45,-9.43046,-28.4807,5.45316
0.46,-7.98745,-28.9186,4.62158
0.47,-6.74986,-29.2322,3.90888
0.48,-5.69424,-29.4561,3.30161
0.49,-4.79722,-29.6154,2.78632
0.5,-4.03691,-29.7286,2.35047
0.51,-3.39348,-29.8089,1.98269
0.52,-2.84942,-29.8658,1.67299
0.53,-2.38946,-29.9061,1.41268
0.54,-2.00041,-29.9347,1.19431
0.55,-1.67096,-29.9549,1.01153
0.56,-1.39143,-29.9691,0.858987
0.57,-1.15355,-29.9792,0.732164
0.58,-0.950259,-29.9864,0.627295
0.59,-0.775479,-29.9914,0.541255
0.6,-0.623983,-29.9949,0.471473
0.61,-0.491233,-29.9974,0.415858
0.62,-0.373245,-29.9991,0.372745
0.63,-0.266476,-30.0002,0.340839
0.64,-0.167718,-30.001,0.319184
0.65,-0.0740026,-30.0013,0.307127
0.66,0.0174877,-30.0014,0.304309
0.67,0.109504,-30.0012,0.310643
0.68,0.204813,-30.0007,0.32632
0.69,0.306279,-29.9999,0.351811
0.7,0.416953,-29.9985,0.387881
0.71,0.540158,-29.9966,0.435613
0.72,0.679595,-29.9937,0.496439
0.73,0.839444,-29.9897,0.572181
0.74,1.02449,-29.9839,0.665104
0.75,1.24027,-29.9758,0.777985
0.76,1.49321,-29.9642,0.914184
0.77,1.79083,-29.9479,1.07774
0.78,2.14189,-29.9249,1.27347
0.79,2.55669,-29.8923,1.50711
0.8,3.04722,-29.8463,1.78541
0.81,3.62744,-29.7813,2.11627
0.82,4.31347,-29.6897,2.50889
0.83,5.12372,-29.5607,2.97377
0.84,6.07884,-29.3791,3.52277
0.85,7.2014,-29.1243,4.16884
0.86,8.51502,-28.7677,4.92555
0.87,10.0426,-28.2707,5.80605
0.88,11.8031,-27.5821,6.82131
0.89,13.8067,-26.6357,7.97708
0.9,16.0466,-25.3493,9.26952
0.91,18.4891,-23.627,10.679
0.92,21.0605,-21.3668,12.1631
0.93,23.636,-18.4776,13.6496
0.94,26.0364,-14.906,15.0352
0.95,28.0402,-10.6691,16.1919
0.96,29.4191,-5.88187,16.9879
0.97,29.9917,-0.76154,17.3184
0.98,29.6764,4.40356,17.1364
0.99,28.5186,9.31502,16.468
1,26.6753,13.7299,15.404
1.01,24.367,17.5022,14.0716
1.02,21.8219,20.5884,12.6026
1.03,19.234,23.0246,11.1089
1.04,16.744,24.8941,9.67193
1.05,14.4396,26.2978,8.34227
1.06,12.3651,27.3346,7.14547
1.07,10.5338,28.0912,6.0893
1.08,8.93967,28.6385,5.17027
1.09,7.56562,29.0317,4.37859
1.1,6.38951,29.313,3.7015
1.11,5.38772,29.5136,3.12543
1.12,4.53724,29.6563,2.63717
1.13,3.81681,29.7576,2.22453
1.14,3.20735,29.8294,1.87657
1.15,2.69206,29.8803,1.58374
1.16,2.25639,29.9164,1.33776
1.17,1.88778,29.9419,1.13155
1.18,1.57547,29.96,0.959101
1.19,1.31027,29.9727,0.815334
1.2,1.0843,29.9817,0.695994
1.21,0.890855,29.9881,0.597532
1.22,0.724144,29.9926,0.517009
1.23,0.579181,29.9958,0.452018
1.24,0.45162,29.9979,0.400612
1.25,0.337631,29.9994,0.36125
1.26,0.233791,30.0004,0.33275
1.27,0.13698,30.001,0.314258
1.28,0.0442876,30.0013,0.305217
1.29,-0.0470734,30.0013,0.305356
1.3,-0.13985,30.001,0.314679
1.31,-0.236831,30.0004,0.333466
1.32,-0.340932,29.9994,0.362282
1.33,-0.455282,29.9979,0.401992
1.34,-0.583315,29.9957,0.453787
1.35,-0.728873,29.9925,0.519219
1.36,-0.89632,29.988,0.60025
1.37,-1.09067,29.9815,0.699302
1.38,-1.31772,29.9724,0.819329
1.39,-1.58424,29.9595,0.963903
1.4,-1.89812,29.9412,1.1373
1.41,-2.26861,29.9154,1.34463
1.42,-2.70651,29.879,1.59193
1.43,-3.22443,29.8276,1.88631
1.44,-3.83702,29.755,2.23608
1.45,-4.56112,29.6526,2.65087
1.46,-5.41588,29.5084,3.14162
1.47,-6.42263,29.3058,3.72056
1.48,-7.60442,29.0216,4.40094
1.49,-8.98487,28.6243,5.19632
1.5,-10.586,28.0716,6.11941
1.51,-12.4247,27.3076,7.17986
1.52,-14.5066,26.2609,8.38089
1.53,-16.8174,24.8445,9.71431
1.54,-19.3119,22.9592,11.1539
1.55,-21.9009,20.5043,12.6482
1.56,-24.4419,17.3974,14.1148
1.57,-26.7394,13.6044,15.441
1.58,-28.565,9.17171,16.4948
1.59,-29.699,4.24852,17.1494
1.6,-29.9872,-0.919723,17.3158
1.61,-29.3883,-6.03391,16.97
1.62,-27.9872,-10.8071,16.1613
1.63,-25.9678,-15.0248,14.9956
1.64,-23.559,-18.5754,13.6052
1.65,-20.9813,-21.4443,12.1174
1.66,-18.4123,-23.6867,10.6347
1.67,-15.9752,-25.3942,9.22827
1.68,-13.7421,-26.6689,7.93981
1.69,-11.7459,-27.6063,6.78833
1.7,-9.99272,-28.2882,5.77731
1.71,-8.472,-28.7802,4.90076
1.72,-7.16455,-29.1332,4.14762
1.73,-6.04743,-29.3854,3.50471
1.74,-5.09705,-29.5651,2.95846
1.75,-4.29088,-29.6928,2.49594
1.76,-3.60833,-29.7835,2.10536
1.77,-3.03107,-29.8478,1.77622
1.78,-2.54304,-29.8933,1.49939
1.79,-2.13035,-29.9255,1.267
1.8,-1.78105,-29.9484,1.07233
1.81,-1.48492,-29.9645,0.909669
1.82,-1.23321,-29.9759,0.774235
1.83,-1.01845,-29.984,0.662008
1.84,-0.834247,-29.9897,0.569644
1.85,-0.675085,-29.9937,0.494387
1.86,-0.5362,-29.9965,0.433984
1.87,-0.413427,-29.9984,0.386625
1.88,-0.303079,-29.9997,0.35089
1.89,-0.201843,-30.0006,0.325707
1.9,-0.106674,-30.0011,0.31032
1.91,-0.0147135,-30.0013,0.304265
1.92,0.076805,-30.0012,0.307362
1.93,0.170633,-30.0008,0.319704
1.94,0.269591,-30.0001,0.34166
1.95,0.376654,-29.9989,0.373891
1.96,0.495038,-29.9972,0.417364
1.97,0.628299,-29.9947,0.473383
1.98,0.780434,-29.9911,0.543628
1.99,0.956002,-29.986,0.6302
2,1.16026,-29.9788,0.735688
