0,1,0,0,0
0.01,0.988769,0.00124277,0.14944,0.00166464
0.02,0.955327,0.00198957,0.295527,0.00312141
0.03,0.900428,0.00226213,0.434978,0.00432124
0.04,0.825304,0.00207505,0.564661,0.00521989
0.05,0.731643,0.00143786,0.681662,0.00577297
0.06,0.621549,0.000357914,0.783352,0.00593145
0.07,0.497497,-0.00115559,0.867446,0.0056378
0.08,0.362274,-0.00308667,0.932054,0.00482267
0.09,0.21892,-0.00540665,0.975722,0.00340251
0.1,0.0706571,-0.00806722,0.997467,0.0012782
0.11,-0.0791788,-0.0109925,0.996798,-0.00166504
0.12,-0.227215,-0.0140703,0.973727,-0.00555606
0.13,-0.370114,-0.0171423,0.928768,-0.0105341
0.14,-0.504652,-0.0199936,0.862929,-0.0167427
0.15,-0.627783,-0.0223421,0.777688,-0.02432
0.16,-0.736712,-0.0238277,0.674962,-0.0333863
0.17,-0.82895,-0.0240028,0.55707,-0.0440256
0.18,-0.902373,-0.0223234,0.426684,-0.0562633
0.19,-0.955261,-0.0181451,0.286779,-0.0700374
0.2,-0.986342,-0.0107228,0.140575,-0.0851628
0.21,-0.99482,0.000780813,-0.00851615,-0.101289
0.22,-0.980398,0.0172757,-0.156947,-0.117852
0.23,-0.943298,0.0397078,-0.301086,-0.134015
0.24,-0.884283,0.0689993,-0.437258,-0.148618
0.25,-0.804685,0.105957,-0.561799,-0.160116
0.26,-0.706443,0.151138,-0.671088,-0.166541
0.27,-0.592163,0.204666,-0.76162,-0.165497
0.28,-0.465196,0.265993,-0.830095,-0.154214
0.29,-0.329724,0.333617,-0.873588,-0.129714
0.3,-0.190807,0.404799,-0.889825,-0.0891183
0.31,-0.0543346,0.475377,-0.877585,-0.0301432
0.32,0.0732443,0.539804,-0.837208,0.048263
0.33,0.185483,0.591566,-0.771067,0.145264
0.34,0.276788,0.624029,-0.683787,0.257704
0.35,0.343366,0.631574,-0.581967,0.38017
0.36,0.383917,0.61066,-0.473326,0.505633
0.37,0.399779,0.560414,-0.3655,0.626516
0.38,0.394437,0.482564,-0.264901,0.735784
0.39,0.37264,0.380839,-0.176019,0.827719
0.4,0.339466,0.260166,-0.101273,0.898232
0.41,0.299604,0.125948,-0.0412961,0.944812
0.42,0.256957,-0.016444,0.00457884,0.966272
0.43,0.214498,-0.161943,0.0378194,0.962463
0.44,0.174319,-0.305914,0.0602831,0.934021
0.45,0.137755,-0.44418,0.073926,0.882192
0.46,0.10554,-0.573027,0.0806177,0.808704
0.47,0.0779578,-0.689187,0.0820395,0.715691
0.48,0.0549736,-0.789843,0.0796381,0.605627
0.49,0.0363349,-0.872628,0.0746147,0.481282
0.5,0.0216554,-0.935644,0.0679364,0.345668
0.51,0.010476,-0.97747,0.0603582,0.20199
0.52,0.00230954,-0.997182,0.0524504,0.0535844
0.53,-0.0033272,-0.994361,0.044628,-0.09614
0.54,-0.00689215,-0.969095,0.0371786,-0.243771
0.55,-0.00880442,-0.921975,0.0302886,-0.385962
0.56,-0.00943686,-0.854079,0.024066,-0.5195
0.57,-0.00911295,-0.766949,0.0185608,-0.641374
0.58,-0.00810716,-0.662556,0.0137818,-0.748842
0.59,-0.00664741,-0.543253,0.0097104,-0.839486
0.6,-0.00491918,-0.41173,0.00631187,-0.911271
0.61,-0.00307063,-0.270944,0.00354406,-0.962584
0.62,-0.00121819,-0.124063,0.00136375,-0.992273
0.63,0.000547522,0.025611,-0.000268792,-0.999672
0.64,0.0021558,0.174715,-0.00138696,-0.984616
0.65,0.00355005,0.319898,-0.00201651,-0.947443
0.66,0.00468225,0.457898,-0.00217546,-0.88899
0.67,0.00550771,0.585614,-0.00187528,-0.810569
0.68,0.00598022,0.700178,-0.00112301,-0.713943
0.69,0.00604774,0.799014,7.54695e-05,-0.601282
0.7,0.00564851,0.879903,0.00171127,-0.475118
0.71,0.00470802,0.941024,0.00376724,-0.338286
0.72,0.00313671,0.981004,0.00621182,-0.193862
0.73,0.000828867,0.998942,0.00899175,-0.0450933
0.74,-0.00233716,0.994431,0.0120239,0.104672
0.75,-0.00649696,0.96757,0.0151858,0.252062
0.76,-0.0117958,0.918958,0.0183062,0.393753
0.77,-0.018382,0.849685,0.0211535,0.526546
0.78,-0.0263961,0.761306,0.0234254,0.647432
0.79,-0.0359572,0.65581,0.0247376,0.753663
0.8,-0.0471437,0.535583,0.0246142,0.842807
0.81,-0.0599689,0.403351,0.0224797,0.912801
0.82,-0.0743501,0.26214,0.0176551,0.962
0.83,-0.0900709,0.115209,0.00935913,0.989205
0.84,-0.106736,-0.0339945,-0.00328098,0.993701
0.85,-0.123721,-0.181894,-0.0212063,0.975273
0.86,-0.140113,-0.324832,-0.0453842,0.934234
0.87,-0.154651,-0.459113,-0.0767406,0.871441
0.88,-0.165673,-0.581045,-0.116057,0.788334
0.89,-0.171083,-0.686991,-0.163822,0.686976
0.9,-0.16835,-0.773435,-0.220029,0.570126
0.91,-0.154595,-0.837094,-0.283919,0.441321
0.92,-0.126786,-0.875117,-0.353689,0.304959
0.93,-0.0821021,-0.885398,-0.426218,0.166339
0.94,-0.0184779,-0.867025,-0.496922,0.0315527
0.95,0.0647295,-0.8208,-0.55989,-0.0928519
0.96,0.166114,-0.749676,-0.608423,-0.20053
0.97,0.281903,-0.658859,-0.636001,-0.28625
0.98,0.406178,-0.555352,-0.637438,-0.346808
0.99,0.531669,-0.446973,-0.609859,-0.381596
1,0.650865,-0.341116,-0.553096,-0.392555
1.01,0.75704,-0.24371,-0.469452,-0.383551
1.02,0.844892,-0.158676,-0.363012,-0.359447
1.03,0.910745,-0.0879241,-0.238842,-0.325218
1.04,0.952425,-0.0317116,-0.10233,-0.285324
1.05,0.968989,0.0108565,0.0412517,-0.243394
1.06,0.960454,0.0413515,0.186967,-0.202143
1.07,0.927567,0.0616464,0.330311,-0.163446
1.08,0.871648,0.0736584,0.467226,-0.128471
1.09,0.794483,0.0791903,0.5941,-0.0978341
1.1,0.698249,0.0798456,0.707762,-0.0717406
1.11,0.58546,0.0769933,0.80548,-0.0501061
1.12,0.458918,0.0717632,0.884974,-0.0326535
1.13,0.321663,0.0650594,0.944425,-0.0189882
1.14,0.17692,0.0575841,0.982501,-0.0086541
1.15,0.0280366,0.0498647,0.998362,-0.00117449
1.16,-0.121576,0.042282,0.991673,0.00391881
1.17,-0.268515,0.0350977,0.96261,0.00706647
1.18,-0.409452,0.028479,0.911846,0.00866956
1.19,-0.541205,0.0225206,0.84054,0.00908322
1.2,-0.660805,0.0172639,0.75031,0.00861437
1.21,-0.765562,0.0127127,0.643193,0.0075224
1.22,-0.85312,0.00884678,0.521604,0.00602198
1.23,-0.921513,0.00563156,0.388283,0.0042873
1.24,-0.969204,0.00302681,0.246228,0.00245716
1.25,-0.995123,0.000992271,0.0986344,0.000640583
1.26,-0.998689,-0.00050817,-0.0511812,-0.00107739
1.27,-0.979822,-0.00150405,-0.199852,-0.00262986
1.28,-0.938946,-0.00201726,-0.344036,-0.00396241
1.29,-0.876981,-0.0020623,-0.480495,-0.00502765
1.3,-0.795318,-0.00164761,-0.606163,-0.00578005
1.31,-0.695792,-0.000778014,-0.718217,-0.00617127
1.32,-0.580639,0.000541853,-0.814138,-0.00614585
1.33,-0.452448,0.00230306,-0.89177,-0.00563753
1.34,-0.314098,0.00448692,-0.949369,-0.0045663
1.35,-0.168701,0.00705849,-0.985638,-0.00283631
1.36,-0.0195252,0.00995901,-0.99976,-0.000335006
1.37,0.130071,0.0130973,-0.991413,0.0030663
1.38,0.276718,0.0163402,-0.960783,0.00751001
1.39,0.417108,0.0195021,-0.908552,0.0131475
1.4,0.548068,0.0223339,-0.835893,0.0201313
1.41,0.66663,0.0245118,-0.744437,0.028604
1.42,0.770091,0.0256258,-0.636244,0.0386831
1.43,0.856079,0.0251708,-0.513762,0.0504399
1.44,0.922595,0.0225381,-0.379776,0.0638737
1.45,0.968065,0.0170128,-0.237356,0.0788788
1.46,0.991368,0.00777671,-0.0898057,0.0952045
1.47,0.991867,-0.00607864,0.0593962,0.112407
1.48,0.969433,-0.0255246,0.206643,0.129797
1.49,0.924467,-0.0515471,0.34825,0.146375
1.5,0.857926,-0.0850704,0.480496,0.160779
1.51,0.77136,-0.126841,0.599665,0.171222
1.52,0.666966,-0.177265,0.702099,0.175474
1.53,0.547663,-0.236183,0.784274,0.170871
1.54,0.417187,-0.302601,0.842934,0.154433
1.55,0.280165,-0.374386,0.875323,0.123096
1.56,0.142132,-0.448011,0.879539,0.0741346
1.57,0.00937025,-0.518474,0.855023,0.00575216
1.58,-0.11152,-0.579529,0.803086,-0.0822337
1.59,-0.214362,-0.624368,0.727281,-0.187819
1.6,-0.294354,-0.646675,0.633363,-0.306624
1.61,-0.348928,-0.641781,0.528671,-0.432289
1.62,-0.378156,-0.607503,0.421021,-0.557386
1.63,-0.384531,-0.544359,0.317485,-0.674546
1.64,-0.372227,-0.455168,0.223468,-0.777387
1.65,-0.346152,-0.344306,0.142334,-0.86103
1.66,-0.311137,-0.21693,0.0755168,-0.922189
1.67,-0.271401,-0.0783826,0.0229413,-0.958995
1.68,-0.230301,0.0661703,-0.0164777,-0.970727
1.69,-0.190309,0.211923,-0.0443878,-0.957549
1.7,-0.153099,0.354493,-0.0626612,-0.920309
1.71,-0.119687,0.489937,-0.0731683,-0.860397
1.72,-0.0905834,0.614743,-0.0776424,-0.779652
1.73,-0.0659222,0.725829,-0.0776099,-0.680296
1.74,-0.045578,0.820549,-0.0743645,-0.564882
1.75,-0.0292531,0.896704,-0.0689675,-0.436246
1.76,-0.0165474,0.95256,-0.0622638,-0.297453
1.77,-0.00700923,0.986868,-0.0549056,-0.151748
1.78,-0.00017346,0.998874,-0.04738,-0.00248935
1.79,0.00441299,0.988329,-0.0400363,0.146911
1.8,0.00717364,0.955494,-0.033112,0.29306
1.81,0.00849199,0.901125,-0.0267568,0.432651
1.82,0.00870605,0.82646,-0.0210534,0.562534
1.83,0.00810678,0.733192,-0.0160355,0.679784
1.84,0.00693919,0.623425,-0.0117029,0.781765
1.85,0.00540537,0.499634,-0.00803369,0.866183
1.86,0.00366883,0.364604,-0.00499425,0.931142
1.87,0.00185963,0.221375,-0.00254635,0.975184
1.88,7.98989e-05,0.0731649,-0.000652832,0.99732
1.89,-0.00159038,-0.0766938,0.000718806,0.997053
1.9,-0.00308768,-0.224834,0.00159425,0.974391
1.91,-0.00435931,-0.367927,0.00199165,0.929842
1.92,-0.00535812,-0.502757,0.00192209,0.864409
1.93,-0.00603739,-0.626296,0.00139118,0.77956
1.94,-0.00634627,-0.735769,0.000401727,0.677203
1.95,-0.00622555,-0.828714,-0.00104257,0.559637
1.96,-0.00560411,-0.903043,-0.00293242,0.429504
1.97,-0.00439615,-0.957084,-0.00524717,0.289729
1.98,-0.00249924,-0.989622,-0.00794804,0.143454
1.99,0.000206223,-0.999922,-0.0109701,-0.0060304
2,0.00385616,-0.987748,-0.0142135,-0.155359
